05/04/2022 18:34:00 34,96 36,92 37,8
05/04/2022 18:39:00 35,29 34,31 31,22 33,29
05/04/2022 18:44:00 39,43 39,5 37,86
05/04/2022 18:49:00 30,35
05/04/2022 18:54:00 30,35
05/04/2022 18:59:00 38,44
05/04/2022 19:04:00 31,6
05/04/2022 19:09:00 36,04
05/04/2022 19:14:00 36,12 30,19 38,34
05/04/2022 19:19:00 37,56 35,85 34,33
05/04/2022 19:24:00 32,17 37,85 39,56 39,56
05/04/2022 19:29:00 35,17
05/04/2022 19:34:00 30,89 32,02 35,98
05/04/2022 19:39:00 33,59 31,55 34,41 39,45
05/04/2022 19:44:00 34,07 30,05 37,79
05/04/2022 19:49:00 31,54 34,47 32,09
05/04/2022 19:54:00 37,15
05/04/2022 19:59:00 39,72 35,35 39,77
05/04/2022 20:04:00 34,83
05/04/2022 20:09:00 33,81 38,24 37,24
05/04/2022 20:14:00 30,69 37,7 33,77
05/04/2022 20:19:00 34,89 33,24
05/04/2022 20:24:00 36,18
05/04/2022 20:29:00 32,91 34,89 32,04
05/04/2022 20:34:00 33,62 30,65 33,03 39,19
05/04/2022 20:39:00 36,1
05/04/2022 20:44:00 33,78 35,6
05/04/2022 20:49:00 34,78 33,08
05/04/2022 20:54:00 35,3
05/04/2022 20:59:00 37,06 37,4
05/04/2022 21:04:00 32 31,11 36,64 34,09
05/04/2022 21:09:00 35,96 39,24 30,7 36,46
05/04/2022 21:14:00 39,74
05/04/2022 21:19:00 33,65
05/04/2022 21:24:00 33,55
05/04/2022 21:29:00 31,05 35,35
05/04/2022 21:34:00 36,06
05/04/2022 21:39:00 33,82 35,17 32,18 33,69
05/04/2022 21:44:00 31,52 38,42 30,67
05/04/2022 21:49:00 34,79 32,02 32,91 38,25
05/04/2022 21:54:00 31,76 34,91 30,6 38,85
05/04/2022 21:59:00 35,59 38,08 31,91 33,38
05/04/2022 22:04:00 31,48 30,99 38,14
05/04/2022 22:09:00 35,98
05/04/2022 22:14:00 32,51 33,95 31,53 31,89
05/04/2022 22:19:00 32,47 33,29 34,25
05/04/2022 22:24:00 37,68
05/04/2022 22:29:00 37,06 33,84 32,67
05/04/2022 22:34:00 37,9 39,92 39,86 33,88
05/04/2022 22:39:00 36,68 35,55